$ANSIBLE_VAULT;1.1;AES256
62376134303536313132313834626563386230303062633437393231653735636463333238666639
3433363863366630653431346334386639656234313334640a373638306361636237346665303465
61613330656434626532656132316666363936303733613731333131616264396430373037353132
3663616134663437620a326137396332393964623037393933393563373430396533343039656236
66653064366336393332336637346362653563326430636635356466383830663062373036346264
37626431396465626339333463346139363832303932363663623338343461366136653436323062
36656134333531613733663634613435316662616564313536323762643839353830333637663461
61373236636138363136633536613631366239626332316163366361643533373039363336383265
62353337353130346233316337303661393430313161646632336230663337616364656332336132
39643031303735663565656462306361653634343530643834353839353032663739613131313664
65373034393339363438386337356436373362393761376136326134633963346265326437376236
38303934366533323733326533643138313537653063313634643032373536366366396136363136
31306430633963383031336635663638316532616266303331626362333035393862346461383436
62626331373762626331386464613731646633623234653264303662303739393939336534333237
36393836633036663731316362386162343966653439623637393439656362623736396563333764
30313637653661353064386530396532346165333437383666376136633533363538363637343262
3163
